only testing
Num weight bits = 24
learning rate = 10
initial_t = 1
power_t = 0.5
predictions = vwpredlogi.dat
using no cache
Reading datafile = test.vw
num sources = 1
average    since         example     example  current  current  current
loss       last          counter      weight    label  predict features
5.802197   5.802197          1      1.0     1.0000   0.1964       24
6.372376   6.942555          2      2.0     1.0000   0.1632       24
7.987233   9.602090          4      4.0     1.0000   0.0625       24
6.843311   5.699389          8      8.0     1.0000   0.0999       24
6.591323   6.339335         16     16.0     1.0000   0.1793       24
6.606603   6.621884         32     32.0     1.0000   0.1068       24
6.855716   7.104829         64     64.0     1.0000   0.2336       24
6.994666   7.133615        128    128.0     1.0000   0.1233       24
8.175364   9.356063        256    256.0     1.0000   0.0837       24
8.372135   8.568906        512    512.0     1.0000   0.2406       24
8.508027   8.643918       1024   1024.0     1.0000   0.0875       24
8.458242   8.408456       2048   2048.0     1.0000   0.0362       24
8.532240   8.606237       4096   4096.0     1.0000   0.0681       24
8.603028   8.673816       8192   8192.0     1.0000   0.1392       24
8.581631   8.560234      16384  16384.0     1.0000   0.1865       24
8.625280   8.668930      32768  32768.0     1.0000   0.0184       24
8.596267   8.567254      65536  65536.0     1.0000   0.3038       24
8.411881   8.227494     131072 131072.0     1.0000   0.1151       24
8.805544   9.199207     262144 262144.0     1.0000   0.2030       24
8.406432   8.007321     524288 524288.0     1.0000   0.2495       24
8.320622   8.234812    1048576 1048576.0     1.0000   0.0444       24
7.941206   7.561790    2097152 2097152.0     1.0000   0.1928       24
7.721965   7.502724    4194304 4194304.0     1.0000   0.1077       24

finished run
number of examples per pass = 4577464
passes used = 1
weighted example sum = 4.57746e+06
weighted label sum = 4.57746e+06
average loss = 7.75975
best constant = 1
best constant's loss = 0
total feature number = 109859136
