only testing
Num weight bits = 24
learning rate = 10
initial_t = 1
power_t = 0.5
predictions = vwpredftrl.dat
using no cache
Reading datafile = test.vw
num sources = 1
average    since         example     example  current  current  current
loss       last          counter      weight    label  predict features
3.854469   3.854469          1      1.0     1.0000   0.2762       24
4.289801   4.725133          2      2.0     1.0000   0.2362       24
5.897760   7.505720          4      4.0     1.0000   0.0809       24
5.306134   4.714507          8      8.0     1.0000   0.1165       24
4.784053   4.261971         16     16.0     1.0000   0.2867       24
4.598346   4.412639         32     32.0     1.0000   0.1848       24
5.052754   5.507162         64     64.0     1.0000   0.3913       24
5.297989   5.543223        128    128.0     1.0000   0.1495       24
6.354458   7.410928        256    256.0     1.0000   0.1547       24
6.508269   6.662080        512    512.0     1.0000   0.3513       24
6.664568   6.820867       1024   1024.0     1.0000   0.1416       24
6.590566   6.516563       2048   2048.0     1.0000   0.0582       24
6.644442   6.698318       4096   4096.0     1.0000   0.1095       24
6.712594   6.780745       8192   8192.0     1.0000   0.1756       24
6.700560   6.688527      16384  16384.0     1.0000   0.2286       24
6.750535   6.800510      32768  32768.0     1.0000   0.0250       24
6.722561   6.694586      65536  65536.0     1.0000   0.3445       24
6.628544   6.534528     131072 131072.0     1.0000   0.1854       24
7.206903   7.785262     262144 262144.0     1.0000   0.2938       24
6.885990   6.565077     524288 524288.0     1.0000   0.3194       24
6.671351   6.456712    1048576 1048576.0     1.0000   0.0731       24
6.038713   5.406074    2097152 2097152.0     1.0000   0.2724       24
5.678356   5.317999    4194304 4194304.0     1.0000   0.1512       24

finished run
number of examples per pass = 4577464
passes used = 1
weighted example sum = 4.57746e+06
weighted label sum = 4.57746e+06
average loss = 5.7362
best constant = 1
best constant's loss = 0
total feature number = 109859136
