only testing
Num weight bits = 24
learning rate = 10
initial_t = 1
power_t = 0.5
predictions = vwprednn.dat
using no cache
Reading datafile = test.vw
num sources = 1
average    since         example     example  current  current  current
loss       last          counter      weight    label  predict features
7.205401   7.205401          1      1.0     1.0000   0.1565       24
8.639356   10.073311         2      2.0     1.0000   0.1021       24
10.688850  12.738345         4      4.0     1.0000   0.0435       24
8.729648   6.770446          8      8.0     1.0000   0.0672       24
8.705206   8.680765         16     16.0     1.0000   0.1542       24
8.753363   8.801519         32     32.0     1.0000   0.0731       24
8.727964   8.702566         64     64.0     1.0000   0.1941       24
8.786870   8.845776        128    128.0     1.0000   0.1397       24
10.166858  11.546846       256    256.0     1.0000   0.0499       24
10.490537  10.814217       512    512.0     1.0000   0.2043       24
10.637964  10.785390      1024   1024.0     1.0000   0.0681       24
10.619290  10.600617      2048   2048.0     1.0000   0.0292       24
10.693175  10.767060      4096   4096.0     1.0000   0.0603       24
10.778908  10.864640      8192   8192.0     1.0000   0.0890       24
10.750997  10.723086     16384  16384.0     1.0000   0.1289       24
10.834025  10.917053     32768  32768.0     1.0000   0.0051       24
10.810322  10.786619     65536  65536.0     1.0000   0.2306       24
10.584258  10.358193    131072 131072.0     1.0000   0.0960       24
11.111860  11.639463    262144 262144.0     1.0000   0.1844       24
10.501358  9.890856     524288 524288.0     1.0000   0.1963       24
10.651476  10.801594   1048576 1048576.0     1.0000   0.0233       24
10.218131  9.784787    2097152 2097152.0     1.0000   0.1697       24
9.615663   9.013196    4194304 4194304.0     1.0000   0.0795       24

finished run
number of examples per pass = 4577464
passes used = 1
weighted example sum = 4.57746e+06
weighted label sum = 4.57746e+06
average loss = 9.67836
best constant = 1
best constant's loss = 0
total feature number = 109859136
